    1250,
    650,
    800,
    450,
    1050,
    300,
    850,
    750,
    200,
    850,
    1200,
    1000,
    1300,
    650,
    800,
    1200,
    150,
    150,
    850,
    600,
    800,
    500,
    1450,
    950,
    950,
    1050,
    400,
    900,
    250,


    1254,
    634,
    795,
    466,
    1059,
    306,
    849,
    763,
    196,
    846,
    1197,
    979,
    1312,
    670,
    777,
    1204,
    157,
    164,
    809,
    609,
    788,
    487,
    1462,
    958,
    961,
    1032,
    403,
    909,
    254,



    423,
    912,
    1212,
    1466,
    1748,
    1871,
    2078,
    3158,
    4520,
    4912,



